CBTAG    ;0;190000;1;074500;0
CBTAG    ;1;083000;1;131500;1
CBTAG    ;1;190000;2;074500;0
CBTAG    ;2;083000;2;131500;1
CBTAG    ;2;190000;3;074500;0
CBTAG    ;3;083000;3;131500;1
CBTAG    ;3;190000;4;074500;0
CBTAG    ;4;083000;4;131500;1
CBTAG    ;4;190000;5;074500;0
CBTAG    ;5;083000;5;131500;1
CBTIR    ;0;072000;1;140000;1
CBTIR    ;0;170000;1;160000;1
CBTIR    ;1;072000;2;140000;1
CBTIR    ;1;170000;2;160000;1
CBTIR    ;2;072000;3;140000;1
CBTIR    ;2;170000;3;160000;1
CBTIR    ;3;072000;4;140000;1
CBTIR    ;3;170000;4;160000;1
CBTIR    ;4;072000;5;140000;1
CBTIR    ;4;170000;5;160000;1
CBTME    ;0;180000;1;170000;1
CBTME    ;1;200000;2;170000;1
CBTME    ;2;200000;3;170000;1
CBTME    ;3;200000;4;170000;1
CBTME    ;4;200000;5;170000;1
CBTYC    ;0;190000;1;074500;0
CBTYC    ;1;083000;1;134500;1
CBTYC    ;1;190000;2;074500;0
CBTYC    ;2;083000;2;134500;1
CBTYC    ;2;190000;3;074500;0
CBTYC    ;3;083000;3;134500;1
CBTYC    ;3;190000;4;074500;0
CBTYC    ;4;083000;4;134500;1
CBTYC    ;4;190000;5;074500;0
CBTYC    ;5;083000;5;134500;1
CMEAG    ;1;083000;1;130500;1
CMEAG    ;2;083000;2;130500;1
CMEAG    ;3;083000;3;130500;1
CMEAG    ;4;083000;4;130500;1
CMEAG    ;5;083000;5;130500;1
CMECNK   ;0;170000;1;151500;0
CMECNK   ;1;153000;1;161500;1
CMECNK   ;1;170000;2;151500;0
CMECNK   ;2;153000;2;161500;1
CMECNK   ;2;170000;3;151500;0
CMECNK   ;3;153000;3;161500;1
CMECNK   ;3;170000;4;151500;0
CMECNK   ;4;153000;4;161500;1
CMECNK   ;4;170000;5;151500;0
CMECNK   ;5;153000;5;161500;1
CMEED    ;0;170000;1;160000;1
CMEED    ;1;170000;2;160000;1
CMEED    ;2;170000;3;160000;1
CMEED    ;3;170000;4;160000;1
CMEED    ;4;170000;5;160000;1
CMEEI    ;0;170000;1;160000;1
CMEEI    ;1;170000;2;160000;1
CMEEI    ;2;170000;3;160000;1
CMEEI    ;3;170000;4;160000;1
CMEEI    ;4;170000;5;160000;1
CMEEQ    ;0;170000;1;081500;0
CMEEQ    ;1;083000;1;151500;1
CMEEQ    ;1;153000;1;161500;1
CMEEQ    ;1;170000;2;081500;0
CMEEQ    ;2;083000;2;151500;1
CMEEQ    ;2;153000;2;161500;1
CMEEQ    ;2;170000;3;081500;0
CMEEQ    ;3;083000;3;151500;1
CMEEQ    ;3;153000;3;161500;1
CMEEQ    ;3;170000;4;081500;0
CMEEQ    ;4;083000;4;151500;1
CMEEQ    ;4;153000;4;161500;1
CMEEQ    ;4;170000;5;081500;0
CMEEQ    ;5;083000;5;151500;1
CMEEQ    ;5;153000;5;161500;1
CMEFX    ;0;170000;1;160000;1
CMEFX    ;1;170000;2;160000;1
CMEFX    ;2;170000;3;160000;1
CMEFX    ;3;170000;4;160000;1
CMEFX    ;4;170000;5;160000;1
CMXME    ;0;180000;1;171500;1
CMXME    ;1;180000;2;171500;1
CMXME    ;2;180000;3;171500;1
CMXME    ;3;180000;4;171500;1
CMXME    ;4;180000;5;171500;1
CSCCC    ;1;044500;1;133000;1
CSCCC    ;2;044500;2;133000;1
CSCCC    ;3;044500;3;133000;1
CSCCC    ;4;044500;4;133000;1
CSCCC    ;5;044500;5;133000;1
CSCKC    ;1;041500;1;133000;1
CSCKC    ;2;041500;2;133000;1
CSCKC    ;3;041500;3;133000;1
CSCKC    ;4;041500;4;133000;1
CSCKC    ;5;041500;5;133000;1
CSCSB    ;1;033000;1;130000;1
CSCSB    ;2;033000;2;130000;1
CSCSB    ;3;033000;3;130000;1
CSCSB    ;4;033000;4;130000;1
CSCSB    ;5;033000;5;130000;1
HKF      ;1;091500;1;120000;0
HKF      ;1;130000;1;163000;1
HKF      ;1;171500;2;030000;1
HKF      ;2;091500;2;120000;0
HKF      ;2;130000;2;163000;1
HKF      ;2;171500;3;030000;1
HKF      ;3;091500;3;120000;0
HKF      ;3;130000;3;163000;1
HKF      ;3;171500;4;030000;1
HKF      ;4;091500;4;120000;0
HKF      ;4;130000;4;163000;1
HKF      ;4;171500;5;030000;1
HKF      ;5;091500;5;120000;0
HKF      ;5;130000;5;163000;1
HKF      ;5;171500;6;030000;1
HKFCUS   ;1;083000;1;163000;1
HKFCUS   ;1;171500;2;030000;1
HKFCUS   ;2;083000;2;163000;1
HKFCUS   ;2;171500;3;030000;1
HKFCUS   ;3;083000;3;163000;1
HKFCUS   ;3;171500;4;030000;1
HKFCUS   ;4;083000;4;163000;1
HKFCUS   ;4;171500;5;030000;1
HKFCUS   ;5;083000;5;163000;1
HKFCUS   ;5;171500;6;030000;1
HKFDH    ;1;091500;1;120000;0
HKFDH    ;1;130000;1;163000;1
HKFDH    ;2;091500;2;120000;0
HKFDH    ;2;130000;2;163000;1
HKFDH    ;3;091500;3;120000;0
HKFDH    ;3;130000;3;163000;1
HKFDH    ;4;091500;4;120000;0
HKFDH    ;4;130000;4;163000;1
HKFDH    ;5;091500;5;120000;0
HKFDH    ;5;130000;5;163000;1
HKFGDU   ;1;083000;1;163000;1
HKFGDU   ;1;171500;2;030000;1
HKFGDU   ;2;083000;2;163000;1
HKFGDU   ;2;171500;3;030000;1
HKFGDU   ;3;083000;3;163000;1
HKFGDU   ;3;171500;4;030000;1
HKFGDU   ;4;083000;4;163000;1
HKFGDU   ;4;171500;5;030000;1
HKFGDU   ;5;083000;5;163000;1
HKFGDU   ;5;171500;6;030000;1
HKFMCA   ;1;090000;1;163000;1
HKFMCA   ;1;171500;2;030000;1
HKFMCA   ;2;090000;2;163000;1
HKFMCA   ;2;171500;3;030000;1
HKFMCA   ;3;090000;3;163000;1
HKFMCA   ;3;171500;4;030000;1
HKFMCA   ;4;090000;4;163000;1
HKFMCA   ;4;171500;5;030000;1
HKFMCA   ;5;090000;5;163000;1
HKFMCA   ;5;171500;6;030000;1
HKFMTW   ;1;084500;1;163000;1
HKFMTW   ;1;171500;2;030000;1
HKFMTW   ;2;084500;2;163000;1
HKFMTW   ;2;171500;3;030000;1
HKFMTW   ;3;084500;3;163000;1
HKFMTW   ;3;171500;4;030000;1
HKFMTW   ;4;084500;4;163000;1
HKFMTW   ;4;171500;5;030000;1
HKFMTW   ;5;084500;5;163000;1
HKFMTW   ;5;171500;6;030000;1
HKFSTF   ;1;093000;1;160000;1
HKFSTF   ;2;093000;2;160000;1
HKFSTF   ;3;093000;3;160000;1
HKFSTF   ;4;093000;4;160000;1
HKFSTF   ;5;093000;5;160000;1
HKFTW    ;1;084500;1;134500;1
HKFTW    ;1;143000;2;030000;1
HKFTW    ;2;084500;2;134500;1
HKFTW    ;2;143000;3;030000;1
HKFTW    ;3;084500;3;134500;1
HKFTW    ;3;143000;4;030000;1
HKFTW    ;4;084500;4;134500;1
HKFTW    ;4;143000;5;030000;1
HKFTW    ;5;084500;5;134500;1
HKFTW    ;5;143000;6;030000;1
ISGDX    ;1;010000;1;220000;1
ISGDX    ;2;010000;2;220000;1
ISGDX    ;3;010000;3;220000;1
ISGDX    ;4;010000;4;220000;1
ISGDX    ;5;010000;5;220000;1
ISGEN    ;0;230000;1;220000;1
ISGEN    ;2;010000;2;220000;1
ISGEN    ;3;010000;3;220000;1
ISGEN    ;4;010000;4;220000;1
ISGEN    ;5;010000;5;220000;1
LIFFFI   ;1;010000;1;210000;1
LIFFFI   ;2;010000;2;210000;1
LIFFFI   ;3;010000;3;210000;1
LIFFFI   ;4;010000;4;210000;1
LIFFFI   ;5;010000;5;210000;1
LIFFLG   ;1;080000;1;180000;1
LIFFLG   ;2;080000;2;180000;1
LIFFLG   ;3;080000;3;180000;1
LIFFLG   ;4;080000;4;180000;1
LIFFLG   ;5;080000;5;180000;1
LIFMFS   ;0;180000;1;170000;1
LIFMFS   ;1;200000;2;170000;1
LIFMFS   ;2;200000;3;170000;1
LIFMFS   ;3;200000;4;170000;1
LIFMFS   ;4;200000;5;170000;1
LIFTF    ;0;230000;1;220000;1
LIFTF    ;2;010000;2;220000;1
LIFTF    ;3;010000;3;220000;1
LIFTF    ;4;010000;4;220000;1
LIFTF    ;5;010000;5;220000;1
MATFCE   ;1;080000;1;220000;1
MATFCE   ;2;080000;2;220000;1
MATFCE   ;3;080000;3;220000;1
MATFCE   ;4;080000;4;220000;1
MATFCE   ;5;080000;5;220000;1
NYCCT    ;0;210000;1;142000;1
NYCCT    ;1;210000;2;142000;1
NYCCT    ;2;210000;3;142000;1
NYCCT    ;3;210000;4;142000;1
NYCCT    ;4;210000;5;142000;1
NYCDX    ;0;180000;1;170000;1
NYCDX    ;1;200000;2;170000;1
NYCDX    ;2;200000;3;170000;1
NYCDX    ;3;200000;4;170000;1
NYCDX    ;4;200000;5;170000;1
NYCOJ    ;1;080000;1;140000;1
NYCOJ    ;2;080000;2;140000;1
NYCOJ    ;3;080000;3;140000;1
NYCOJ    ;4;080000;4;140000;1
NYCOJ    ;5;080000;5;140000;1
NYMEN    ;0;180000;1;171500;1
NYMEN    ;1;180000;2;171500;1
NYMEN    ;2;180000;3;171500;1
NYMEN    ;3;180000;4;171500;1
NYMEN    ;4;180000;5;171500;1
OSE      ;1;084500;1;151500;1
OSE      ;1;163000;2;060000;1
OSE      ;2;084500;2;151500;1
OSE      ;2;163000;3;060000;1
OSE      ;3;084500;3;151500;1
OSE      ;3;163000;4;060000;1
OSE      ;4;084500;4;151500;1
OSE      ;4;163000;5;060000;1
OSE      ;5;084500;5;151500;1
OSE      ;5;163000;6;060000;1
OSEIR    ;1;084500;1;110200;0
OSEIR    ;1;123000;1;150200;1
OSEIR    ;1;153000;2;060000;1
OSEIR    ;2;084500;2;110200;0
OSEIR    ;2;123000;2;150200;1
OSEIR    ;2;153000;3;060000;1
OSEIR    ;3;084500;3;110200;0
OSEIR    ;3;123000;3;150200;1
OSEIR    ;3;153000;4;060000;1
OSEIR    ;4;084500;4;110200;0
OSEIR    ;4;123000;4;150200;1
OSEIR    ;4;153000;5;060000;1
OSEIR    ;5;084500;5;110200;0
OSEIR    ;5;123000;5;150200;1
OSEIR    ;5;153000;6;060000;1
SMXCN    ;1;090000;1;163500;1
SMXCN    ;1;170000;2;051500;1
SMXCN    ;2;090000;2;163500;1
SMXCN    ;2;170000;3;051500;1
SMXCN    ;3;090000;3;163500;1
SMXCN    ;3;170000;4;051500;1
SMXCN    ;4;090000;4;163500;1
SMXCN    ;4;170000;5;051500;1
SMXCN    ;5;090000;5;163500;1
SMXCN    ;5;170000;6;051500;1
SMXFID   ;1;090000;1;173000;1
SMXFVN   ;1;090000;1;160500;1
SMXFVN   ;1;163000;2;051500;1
SMXFVN   ;2;090000;2;160500;1
SMXFVN   ;2;163000;3;051500;1
SMXFVN   ;3;090000;3;160500;1
SMXFVN   ;3;163000;4;051500;1
SMXFVN   ;4;090000;4;160500;1
SMXFVN   ;4;163000;5;051500;1
SMXFVN   ;5;090000;5;160500;1
SMXFVN   ;5;163000;6;051500;1
SMXID    ;1;090000;1;173000;1
SMXID    ;1;175500;2;051500;1
SMXID    ;2;090000;2;173000;1
SMXID    ;2;175500;3;051500;1
SMXID    ;3;090000;3;173000;1
SMXID    ;3;175500;4;051500;1
SMXID    ;4;090000;4;173000;1
SMXID    ;4;175500;5;051500;1
SMXID    ;5;090000;5;173000;1
SMXID    ;5;175500;6;051500;1
SMXIN    ;1;090000;1;181500;1
SMXIN    ;1;184000;2;051500;1
SMXIN    ;2;090000;2;181500;1
SMXIN    ;2;184000;3;051500;1
SMXIN    ;3;090000;3;181500;1
SMXIN    ;3;184000;4;051500;1
SMXIN    ;4;090000;4;181500;1
SMXIN    ;4;184000;5;051500;1
SMXIN    ;5;090000;5;181500;1
SMXIN    ;5;184000;6;051500;1
SMXIU    ;1;072500;1;193500;1
SMXIU    ;1;195000;2;051500;1
SMXIU    ;2;072500;2;193500;1
SMXIU    ;2;195000;3;051500;1
SMXIU    ;3;072500;3;193500;1
SMXIU    ;3;195000;4;051500;1
SMXIU    ;4;072500;4;193500;1
SMXIU    ;4;195000;5;051500;1
SMXIU    ;5;072500;5;193500;1
SMXIU    ;5;195000;6;051500;1
SMXNCH   ;1;072500;1;183000;1
SMXNCH   ;1;190000;2;051500;1
SMXNCH   ;2;072500;2;183000;1
SMXNCH   ;2;190000;3;051500;1
SMXNCH   ;3;072500;3;183000;1
SMXNCH   ;3;190000;4;051500;1
SMXNCH   ;4;072500;4;183000;1
SMXNCH   ;4;190000;5;051500;1
SMXNCH   ;5;072500;5;183000;1
SMXNCH   ;5;190000;6;051500;1
SMXNK    ;1;073000;1;143000;1
SMXNK    ;1;145500;2;051500;1
SMXNK    ;2;073000;2;143000;1
SMXNK    ;2;145500;3;051500;1
SMXNK    ;3;073000;3;143000;1
SMXNK    ;3;145500;4;051500;1
SMXNK    ;4;073000;4;143000;1
SMXNK    ;4;145500;5;051500;1
SMXNK    ;5;073000;5;143000;1
SMXNK    ;5;145500;6;051500;1
SMXSG    ;1;083000;1;172500;1
SMXSG    ;1;175000;2;051500;1
SMXSG    ;2;083000;2;172500;1
SMXSG    ;2;175000;3;051500;1
SMXSG    ;3;083000;3;172500;1
SMXSG    ;3;175000;4;051500;1
SMXSG    ;4;083000;4;172500;1
SMXSG    ;4;175000;5;051500;1
SMXSG    ;5;083000;5;172500;1
SMXSG    ;5;175000;6;051500;1
SMXTW    ;1;084500;1;135000;1
SMXTW    ;1;141500;2;051500;1
SMXTW    ;2;084500;2;135000;1
SMXTW    ;2;141500;3;051500;1
SMXTW    ;3;084500;3;135000;1
SMXTW    ;3;141500;4;051500;1
SMXTW    ;4;084500;4;135000;1
SMXTW    ;4;141500;5;051500;1
SMXTW    ;5;084500;5;135000;1
SMXTW    ;5;141500;6;051500;1
SMXUC    ;1;070000;1;175500;1
SMXUC    ;1;181500;2;051500;1
SMXUC    ;2;070000;2;175500;1
SMXUC    ;2;181500;3;051500;1
SMXUC    ;3;070000;3;175500;1
SMXUC    ;3;181500;4;051500;1
SMXUC    ;4;070000;4;175500;1
SMXUC    ;4;181500;5;051500;1
SMXUC    ;5;070000;5;175500;1
SMXUC    ;5;181500;6;051500;1
TCE      ;1;084500;1;151500;1
TCE      ;1;163000;2;060000;1
TCE      ;2;084500;2;151500;1
TCE      ;2;163000;3;060000;1
TCE      ;3;084500;3;151500;1
TCE      ;3;163000;4;060000;1
TCE      ;4;084500;4;151500;1
TCE      ;4;163000;5;060000;1
TCE      ;5;084500;5;151500;1
TCE      ;5;163000;6;060000;1
TCEJRU   ;1;084500;1;151500;1
TCEJRU   ;1;163000;1;190000;1
TCEJRU   ;2;084500;2;151500;1
TCEJRU   ;2;163000;2;190000;1
TCEJRU   ;3;084500;3;151500;1
TCEJRU   ;3;163000;3;190000;1
TCEJRU   ;4;084500;4;151500;1
TCEJRU   ;4;163000;4;190000;1
TCEJRU   ;5;084500;5;151500;1
TCEJRU   ;5;163000;5;190000;1
URX      ;1;010000;1;220000;1
URX      ;2;010000;2;220000;1
URX      ;3;010000;3;220000;1
URX      ;4;010000;4;220000;1
URX      ;5;010000;5;220000;1
URXEQ    ;1;075000;1;220000;1
URXEQ    ;2;075000;2;220000;1
URXEQ    ;3;075000;3;220000;1
URXEQ    ;4;075000;4;220000;1
URXEQ    ;5;075000;5;220000;1
URXFTX   ;1;084500;1;210000;1
URXFTX   ;2;084500;2;210000;1
URXFTX   ;3;084500;3;210000;1
URXFTX   ;4;084500;4;210000;1
URXFTX   ;5;084500;5;210000;1
URXIR    ;1;080000;1;220000;1
URXIR    ;2;080000;2;220000;1
URXIR    ;3;080000;3;220000;1
URXIR    ;4;080000;4;220000;1
URXIR    ;5;080000;5;220000;1
URXIR2   ;1;080000;1;190000;1
URXIR2   ;2;080000;2;190000;1
URXIR2   ;3;080000;3;190000;1
URXIR2   ;4;080000;4;190000;1
URXIR2   ;5;080000;5;190000;1
